1-Application management;1;;;;;;;;;;;;;;;;;1;1;1;;;;;;;;;;;;;;;;;;;;;;;;;;;
2-Materials laboratorium;;;2;2;2;2;2;2;2;;;2;;;;;;;;;;2;;;;;;;;;;;;;;;;2;2;;;;;;;;
3-Viewers;;3;;;;;;;;;;;;;;;;;;;3;;;;;;;;;;;;;;;;;;;;;;;;;;
4-Purchasing;;;;;;;;;;;;;;;;;;;;;;;;;;;;;;;;;;;;;;;;;;;;;;;
5-Specialists;;;;;;;;;;;;;;;;;;;;;;;;5;5;5;5;;;;;;5;;5;5;5;;;5;5;5;5;5;5;5;
6-Trial production;;;;;;;;;;;;;;;;;;;;;;;;;;;;6;6;6;6;6;;6;;;;;;;;;;;;;
7-Tyre testing;;;;;;;;;;7;7;;7;;;;;;;;;;;;;;;;;;;;;;;;;;;;;;;;;;7
8-QEA;;;;;;;;;;;;;;;;;;;;;;;8;;;;;;;;;;;;;;;;;;;;;;;;
9-Production;;;;;;;;;;;;;;9;9;9;9;;;;;;;;;;;;;;;;;;;;;;;;;;;;;;
10-10;;;;;;;;;;;;;;;;;;;;;;;;;;;;;;;;;;;;;;;;;;;;;;;
11-11;;;;;;;;;;;;;;;;;;;;;;;;;;;;;;;;;;;;;;;;;;;;;;;
12-12;;;;;;;;;;;;;;;;;;;;;;;;;;;;;;;;;;;;;;;;;;;;;;;
13-13;;;;;;;;;;;;;;;;;;;;;;;;;;;;;;;;;;;;;;;;;;;;;;;
14-14;;;;;;;;;;;;;;;;;;;;;;;;;;;;;;;;;;;;;;;;;;;;;;;
15-15;;;;;;;;;;;;;;;;;;;;;;;;;;;;;;;;;;;;;;;;;;;;;;;
16-16;;;;;;;;;;;;;;;;;;;;;;;;;;;;;;;;;;;;;;;;;;;;;;;
